0	0.06166666666666667	0.06937020370436536	0.05396312962896797
1	0.10393137254901959	0.11463700800548458	0.09322573709255459
2	0.1363137254901961	0.14881533630528446	0.12381211467510776
3	0.1648921568627451	0.17842508124335946	0.15135923248213076
4	0.19112745098039222	0.20446800914406799	0.17778689281671645
5	0.214578431372549	0.22790160007591484	0.20125526266918317
6	0.2363627450980392	0.24936959347015317	0.22335589672592523
7	0.256235294117647	0.26943074613203055	0.24303984210326346
8	0.27574509803921565	0.28954936775407675	0.26194082832435456
9	0.29426470588235293	0.3086742195120693	0.27985519225263655
10	0.31185294117647044	0.3270200514530101	0.2966858308999308
11	0.32838235294117646	0.34391179255790727	0.31285291332444565
12	0.34513725490196084	0.3611200046378345	0.3291545051660872
13	0.36051960784313714	0.37625470649197496	0.3447845091942993
14	0.3758921568627452	0.3918494028211639	0.3599349109043265
15	0.3906666666666666	0.4072247210724686	0.3741086122608646
16	0.4041372549019609	0.42110488357877557	0.3871696262251462
17	0.41857843137254896	0.435680823897145	0.4014760388479529
18	0.4319901960784313	0.4490482899325575	0.4149321022243051
19	0.44499999999999995	0.46235443662549247	0.42764556337450743
20	0.4580490196078431	0.47499786783900433	0.4411001713766819
21	0.47085294117647064	0.4880191599139779	0.4536867224389634
22	0.4831470588235295	0.49979580639948096	0.466498311247578
23	0.4947549019607844	0.5108513319871122	0.4786584719344567
24	0.507107843137255	0.5230061799260195	0.49120950634849053
25	0.5193431372549021	0.5348374312028125	0.5038488433069918
26	0.5301764705882354	0.5458388175349751	0.5145141236414956
27	0.5416666666666667	0.5571635006874412	0.5261698326458922
28	0.552764705882353	0.5684783339936403	0.5370510777710658
29	0.5642156862745098	0.5797169853481983	0.5487143872008213
30	0.5746078431372548	0.5897616743537576	0.559454011920752
31	0.5849999999999999	0.5997035292234991	0.5702964707765006
32	0.5958137254901962	0.6099665988893244	0.581660852091068
33	0.6055098039215687	0.6199770706640225	0.5910425371791149
34	0.6159313725490195	0.6299800363924687	0.6018827087055704
35	0.6259901960784314	0.6396832565063679	0.6122971356504949
36	0.6364019607843137	0.6499423832717408	0.6228615382968865
37	0.6466960784313723	0.6608536370748518	0.6325385197878929
38	0.6559019607843136	0.669780435926774	0.6420234856418532
39	0.6660392156862748	0.6799342608424572	0.6521441705300923
40	0.6754019607843137	0.6890975479581216	0.6617063736105058
41	0.6848137254901958	0.6984201735454848	0.6712072774349068
42	0.6940098039215684	0.7078035731661617	0.6802160346769751
43	0.7029901960784314	0.7163708969748074	0.6896094951820554
44	0.711843137254902	0.7250258067818013	0.6986604677280027
45	0.7201960784313725	0.7334017824638236	0.7069903743989213
46	0.7284999999999999	0.741444373491018	0.7155556265089819
47	0.7367156862745097	0.7497993676442661	0.7236320049047532
48	0.744921568627451	0.7575107964913186	0.7323323407635833
49	0.7524313725490198	0.7648946827942299	0.7399680623038097
50	0.7607450980392156	0.7733907279934583	0.748099468084973
51	0.7687549019607844	0.7811192019049924	0.7563906020165765
52	0.7763235294117646	0.7883633877646696	0.7642836710588596
53	0.7842549019607842	0.7963375501933608	0.7721722537282075
54	0.792078431372549	0.8045100049467262	0.7796468577983717
55	0.799656862745098	0.8118446199782591	0.7874691055119368
56	0.8072647058823529	0.8190529543853395	0.7954764573793662
57	0.8145784313725493	0.8266036555665746	0.802553207178524
58	0.8212647058823528	0.8329470524060562	0.8095823593586494
59	0.8281862745098039	0.8393792662549127	0.8169932827646951
60	0.8351274509803924	0.8459291348524263	0.8243257671083586
61	0.8420294117647058	0.8531412864981732	0.8309175370312384
62	0.8487647058823526	0.8596264776232698	0.8379029341414355
63	0.8554215686274511	0.8663202535986881	0.8445228836562141
64	0.8622450980392157	0.8727256185908971	0.8517645774875342
65	0.8690098039215688	0.8789657285118964	0.8590538793312412
66	0.8752549019607844	0.8845211587041012	0.8659886452174675
67	0.8809117647058823	0.890205866840394	0.8716176625713705
68	0.8872843137254901	0.896531553200517	0.8780370742504632
69	0.893	0.9022854265643601	0.88371457343564
70	0.8981862745098042	0.9073720049224686	0.8890005440971397
71	0.9033725490196078	0.9122607866927929	0.8944843113464228
72	0.9087549019607845	0.9171093216495034	0.9004004822720655
73	0.9138431372549021	0.9220348754809076	0.9056513990288966
74	0.9188823529411765	0.9269307933683814	0.9108339125139716
75	0.9240588235294117	0.9320634358099908	0.9160542112488326
76	0.9293627450980393	0.9377255821432549	0.9209999080528237
77	0.9341960784313724	0.9422850920599952	0.9261070648027496
78	0.9388431372549018	0.9468899772549842	0.9307962972548193
79	0.9427058823529413	0.9505606776103098	0.9348510870955727
80	0.9469999999999996	0.9545477717328681	0.9394522282671312
81	0.9512254901960783	0.9582256892924944	0.9442252910996621
82	0.9554215686274509	0.9619994155375794	0.9488437217173223
83	0.9591764705882351	0.9651860745896439	0.9531668665868263
84	0.9632647058823529	0.9688921995625899	0.957637212202116
85	0.9668823529411765	0.9717989585162276	0.9619657473661255
86	0.9701568627450978	0.9745184951213733	0.9657952303688223
87	0.9734313725490193	0.9773379615865938	0.9695247835114449
88	0.9765392156862746	0.9800256230813467	0.9730528082912024
89	0.9793627450980396	0.9823593630814862	0.9763661271145929
90	0.9820196078431372	0.9846598314073549	0.9793793842789196
91	0.9841372549019607	0.9864191900432903	0.9818553197606311
92	0.9860980392156864	0.9884200582498962	0.9837760201814766
93	0.987970588235294	0.9903868322821812	0.9855543441884069
94	0.9895294117647057	0.99188308812044	0.9871757354089713
95	0.9910490196078433	0.9930749235573839	0.9890231156583027
96	0.9922843137254902	0.9942858750153533	0.9902827524356271
97	0.9929607843137256	0.9949784875847274	0.9909430810427238
98	0.9935098039215687	0.9955360636694629	0.9914835441736746
99	0.9937843137254901	0.9957830638155057	0.9917855636354745
100	1.0	1.0	1.0
