0	0.06323529411764706
1	0.09852941176470588
2	0.1361764705882353
3	0.16264705882352942
4	0.18588235294117647
5	0.20352941176470588
6	0.22294117647058823
7	0.2426470588235294
8	0.2605882352941176
9	0.2832352941176471
10	0.29911764705882354
11	0.3179411764705882
12	0.3341176470588235
13	0.3488235294117647
14	0.36411764705882355
15	0.3788235294117647
16	0.39441176470588235
17	0.4076470588235294
18	0.42323529411764704
19	0.4329411764705882
20	0.44588235294117645
21	0.45529411764705885
22	0.46205882352941174
23	0.4752941176470588
24	0.48705882352941177
25	0.49823529411764705
26	0.51
27	0.5223529411764706
28	0.5329411764705883
29	0.5441176470588235
30	0.5561764705882353
31	0.5685294117647058
32	0.5779411764705882
33	0.586764705882353
34	0.5976470588235294
35	0.6052941176470589
36	0.616764705882353
37	0.6241176470588236
38	0.6344117647058823
39	0.6447058823529411
40	0.6547058823529411
41	0.6655882352941176
42	0.6720588235294118
43	0.6814705882352942
44	0.6911764705882353
45	0.7
46	0.7097058823529412
47	0.7164705882352941
48	0.7232352941176471
49	0.7320588235294118
50	0.7426470588235294
51	0.7526470588235294
52	0.7602941176470588
53	0.7667647058823529
54	0.7761764705882352
55	0.7841176470588235
56	0.7926470588235294
57	0.8008823529411765
58	0.8073529411764706
59	0.8147058823529412
60	0.8235294117647058
61	0.8279411764705882
62	0.8335294117647059
63	0.8402941176470589
64	0.8452941176470589
65	0.8520588235294118
66	0.8573529411764705
67	0.8635294117647059
68	0.8688235294117647
69	0.8741176470588236
70	0.8788235294117647
71	0.8861764705882353
72	0.8917647058823529
73	0.8973529411764706
74	0.9038235294117647
75	0.91
76	0.9152941176470588
77	0.9205882352941176
78	0.9258823529411765
79	0.9314705882352942
80	0.9367647058823529
81	0.9408823529411765
82	0.9455882352941176
83	0.9511764705882353
84	0.9552941176470588
85	0.9597058823529412
86	0.9644117647058823
87	0.9688235294117648
88	0.9758823529411764
89	0.9791176470588235
90	0.9814705882352941
91	0.9844117647058823
92	0.9870588235294118
93	0.9885294117647059
94	0.9908823529411764
95	0.9914705882352941
96	0.9935294117647059
97	0.9935294117647059
98	0.9938235294117647
99	0.9938235294117647
100	1.0
